Min	H7	B7	C7	D7	E7	F7	G7	B8	C8	E8	F8	G8	B9	C9	D9	E9	F9	G9	B10	C10	D10	E10	F10	G10
3.27	0.10625	0.183	0.173	0.1705	0.165	0.16925	0.180375	0.182	0.174375	0.168375	0.177375	0.18012499999999998	0.181375	0.176375	0.171875	0.17174999999999999	0.174875	0.18462499999999998	0.182875	0.175375	0.17325	0.1705	0.17375	0.176375
9.67	0.106	0.18262499999999998	0.17212499999999997	0.17125	0.164375	0.16812500000000002	0.18	0.18125	0.17512499999999998	0.16875	0.178	0.18075	0.181375	0.17575	0.171875	0.171625	0.17425	0.181	0.18125	0.1735	0.17075	0.16775	0.17225	0.174875
16.07	0.106	0.1885	0.175875	0.1735	0.16762500000000002	0.169875	0.185375	0.184875	0.179875	0.172625	0.18075	0.180375	0.18575	0.178875	0.173875	0.174	0.176375	0.1835	0.182875	0.17575	0.17325	0.16912500000000003	0.1765	0.178875
22.47	0.106	0.194625	0.18362499999999998	0.179	0.17375	0.175375	0.191	0.1925	0.187625	0.179	0.18787500000000001	0.188125	0.19375	0.187	0.18175	0.1815	0.1815	0.18925	0.18987500000000002	0.180875	0.18	0.173375	0.18462499999999998	0.18625
28.87	0.106	0.202875	0.19325	0.189	0.18262499999999998	0.18525	0.199125	0.2015	0.197	0.187625	0.19787500000000002	0.199375	0.201625	0.19587500000000002	0.191	0.191125	0.190625	0.199375	0.200375	0.190125	0.19137500000000002	0.18225	0.19525	0.19775
35.27	0.106	0.21387499999999998	0.20525	0.202	0.19425	0.19975	0.21125	0.21225	0.209625	0.199125	0.2115	0.213	0.213125	0.207875	0.20400000000000001	0.203	0.202375	0.21287499999999998	0.2125	0.203375	0.206375	0.19487500000000002	0.208125	0.211
41.67	0.106	0.230125	0.22262500000000002	0.219375	0.2095	0.21587499999999998	0.228375	0.22775	0.22575	0.213625	0.226375	0.227875	0.231	0.22475	0.22225	0.218125	0.217	0.228375	0.229125	0.22112500000000002	0.225875	0.210125	0.223875	0.22575
48.07	0.106	0.25425	0.244375	0.2425	0.229	0.232125	0.2565	0.253875	0.247	0.23	0.24125	0.24325	0.265625	0.2485	0.249	0.23225	0.232375	0.24275	0.252625	0.24375	0.2485	0.22762500000000002	0.2445	0.243125
54.47	0.106	0.27287500000000003	0.2695	0.263125	0.2585	0.251625	0.287875	0.276	0.277625	0.253125	0.260375	0.26725	0.297375	0.27225	0.27587500000000004	0.24775	0.25675000000000003	0.277375	0.2765	0.266625	0.26937500000000003	0.2515	0.271125	0.272625
60.87	0.106	0.314875	0.277625	0.285375	0.293	0.283125	0.315375	0.318	0.29125	0.2835	0.283625	0.29262499999999997	0.330625	0.30274999999999996	0.294375	0.274375	0.280125	0.284625	0.3155	0.297875	0.29374999999999996	0.279125	0.28712499999999996	0.287375
67.27	0.106	0.33675	0.3195	0.32075	0.32175	0.311875	0.3385	0.3315	0.317	0.3115	0.313375	0.32825000000000004	0.34087500000000004	0.320875	0.319	0.3105	0.30825	0.3215	0.342875	0.32175	0.33	0.31325000000000003	0.3175	0.32325
73.67	0.106	0.36524999999999996	0.3555	0.348875	0.349	0.33487500000000003	0.366125	0.3555	0.351875	0.339625	0.350875	0.362875	0.36524999999999996	0.351875	0.3465	0.34775	0.336375	0.359	0.364875	0.351125	0.3645	0.34349999999999997	0.35912499999999997	0.365875
80.07	0.106	0.398	0.380625	0.37324999999999997	0.3735	0.35775	0.388	0.39187500000000003	0.382	0.363625	0.382125	0.3955	0.394625	0.380125	0.3695	0.378	0.359875	0.3925	0.399625	0.376625	0.39925	0.367125	0.39725	0.403875
86.47	0.106	0.430625	0.40800000000000003	0.409125	0.404375	0.382125	0.413	0.426875	0.416875	0.39087500000000003	0.414	0.4305	0.4275	0.416375	0.4	0.411625	0.387875	0.425875	0.436	0.41125	0.4395	0.396125	0.433375	0.440375
92.87	0.106	0.468625	0.442	0.45	0.44625000000000004	0.42162499999999997	0.44375	0.466	0.45487500000000003	0.430875	0.45525	0.4725	0.465875	0.45875	0.441875	0.45225	0.428625	0.46425	0.47525	0.4535	0.4805	0.4365	0.472625	0.481
99.27	0.106	0.4995	0.477125	0.484375	0.483	0.458625	0.4775	0.500125	0.487375	0.466625	0.490125	0.507375	0.50175	0.494625	0.47775	0.486125	0.465625	0.49575	0.5075000000000001	0.489375	0.511125	0.47225	0.508875	0.51375
105.67	0.106	0.523625	0.507625	0.510375	0.51375	0.486875	0.508875	0.5251250000000001	0.510875	0.49224999999999997	0.5145	0.531625	0.5305	0.5211250000000001	0.50775	0.509125	0.493	0.5215000000000001	0.53	0.517	0.53325	0.501125	0.53425	0.5377500000000001
112.07	0.106	0.548125	0.530375	0.533875	0.541875	0.510625	0.535375	0.547625	0.52925	0.51525	0.537375	0.55525	0.5531250000000001	0.5425	0.5395000000000001	0.530625	0.5171250000000001	0.545	0.55225	0.538625	0.555875	0.5255000000000001	0.555875	0.56225
118.47	0.106	0.57375	0.5491250000000001	0.5533750000000001	0.56475	0.5295000000000001	0.556125	0.5702499999999999	0.5445	0.533375	0.55925	0.57575	0.570125	0.5605	0.563375	0.5491250000000001	0.534875	0.566875	0.5756249999999999	0.55625	0.5762499999999999	0.545375	0.5754999999999999	0.5862499999999999
124.87	0.106	0.587125	0.572125	0.5752499999999999	0.585625	0.552	0.578	0.5838749999999999	0.55725	0.5517500000000001	0.5774999999999999	0.5932499999999999	0.586625	0.5768749999999999	0.5754999999999999	0.566	0.548	0.586	0.588375	0.572375	0.5898749999999999	0.562375	0.5918749999999999	0.602375
131.27	0.106	0.608125	0.58975	0.596625	0.6028749999999999	0.57275	0.6008749999999999	0.602375	0.5768749999999999	0.5698749999999999	0.59925	0.611125	0.602625	0.596125	0.60125	0.584125	0.562875	0.603625	0.60825	0.591	0.6068749999999999	0.57975	0.6078749999999999	0.62325
137.67	0.106	0.6225	0.60475	0.62425	0.6194999999999999	0.594125	0.623625	0.6165	0.594375	0.59275	0.614	0.628625	0.62725	0.615	0.6265000000000001	0.59875	0.582	0.624	0.625875	0.6074999999999999	0.62225	0.602375	0.61975	0.6365000000000001
144.07	0.106	0.63675	0.631125	0.6581250000000001	0.639625	0.617125	0.644875	0.633625	0.61225	0.614875	0.634875	0.64775	0.665375	0.645375	0.656875	0.61475	0.602	0.644875	0.642375	0.633875	0.641375	0.619125	0.63025	0.65375
150.47	0.106	0.658875	0.6657500000000001	0.691	0.6627500000000001	0.64475	0.6665000000000001	0.652625	0.64625	0.6385000000000001	0.658375	0.663375	0.68225	0.67025	0.689875	0.633375	0.6285000000000001	0.6641250000000001	0.662375	0.6677500000000001	0.664	0.636125	0.646625	0.6705000000000001
156.87	0.106	0.682375	0.68875	0.716375	0.68775	0.667	0.689375	0.669875	0.672875	0.6635	0.6815	0.68925	0.6964999999999999	0.6932499999999999	0.718	0.651375	0.653875	0.683875	0.682375	0.6942499999999999	0.695375	0.6617500000000001	0.664875	0.6912499999999999
163.27	0.106	0.707125	0.70875	0.7364999999999999	0.705375	0.695375	0.7078749999999999	0.6948749999999999	0.697125	0.687625	0.7032499999999999	0.6962499999999999	0.716	0.7115	0.74025	0.6715	0.676	0.6992499999999999	0.707625	0.7138749999999999	0.723625	0.6813750000000001	0.6856249999999999	0.708125
169.67	0.106	0.72875	0.72125	0.751875	0.716	0.715125	0.727	0.714375	0.713	0.7044999999999999	0.72125	0.7178749999999999	0.7298749999999999	0.72575	0.758	0.686875	0.6895	0.71675	0.7304999999999999	0.72875	0.747	0.70175	0.693	0.717375
176.07	0.106	0.7464999999999999	0.7308749999999999	0.762875	0.723125	0.7295	0.736375	0.734375	0.724	0.719	0.733125	0.73375	0.74225	0.73675	0.771375	0.701375	0.704125	0.73	0.748375	0.737375	0.761625	0.713375	0.715	0.724
182.47	0.106	0.755125	0.734875	0.76875	0.724	0.735875	0.743375	0.742625	0.731125	0.73	0.741	0.736	0.751375	0.744625	0.779625	0.70975	0.713625	0.74025	0.756875	0.743625	0.76875	0.71975	0.71475	0.736375
188.87	0.106	0.761	0.73425	0.767875	0.7188749999999999	0.739	0.742875	0.753	0.73175	0.734	0.74575	0.74275	0.756625	0.747875	0.781875	0.711375	0.719375	0.74525	0.763	0.744	0.77125	0.72025	0.72025	0.737125
195.27	0.106	0.751625	0.72825	0.76425	0.7088749999999999	0.736375	0.743875	0.744875	0.72725	0.73175	0.74975	0.736	0.75625	0.746125	0.7821250000000001	0.7098749999999999	0.722125	0.744625	0.752375	0.73975	0.7751250000000001	0.7152499999999999	0.72925	0.728125
201.67	0.106	0.74975	0.72075	0.75975	0.697375	0.73	0.739	0.740125	0.720125	0.72675	0.743625	0.734625	0.751	0.74225	0.77475	0.707	0.720375	0.74225	0.7535000000000001	0.73675	0.76975	0.70975	0.72425	0.729375
208.07	0.106	0.753875	0.7164999999999999	0.749875	0.684625	0.7198749999999999	0.732125	0.737	0.7184999999999999	0.719	0.73925	0.726625	0.74475	0.7355	0.768875	0.702125	0.713375	0.7338749999999999	0.75125	0.732	0.76725	0.706	0.709625	0.72725
214.47	0.106	0.744125	0.7058749999999999	0.7384999999999999	0.67225	0.707375	0.7248749999999999	0.733375	0.709125	0.7115	0.73175	0.714375	0.7355	0.725625	0.764875	0.696	0.710375	0.721125	0.73525	0.723625	0.76325	0.702	0.704375	0.7142499999999999
220.87	0.106	0.7404999999999999	0.7	0.726375	0.6597500000000001	0.6964999999999999	0.7175	0.729625	0.7044999999999999	0.7078749999999999	0.718	0.701375	0.735125	0.7204999999999999	0.750625	0.688375	0.7042499999999999	0.7138749999999999	0.735375	0.7135	0.752625	0.695375	0.6965	0.7018749999999999
227.27	0.106	0.737125	0.684625	0.7092499999999999	0.639125	0.6797500000000001	0.697375	0.722375	0.691	0.6936249999999999	0.7032499999999999	0.686375	0.7318749999999999	0.716	0.73475	0.67	0.688625	0.69975	0.724375	0.70675	0.740375	0.68425	0.68225	0.689875
